Area: 78.53981633974483
Circumference: 31.41592653589793
